0.01, 1, -0.0004905, 2, -0.0004905
0.02, 1, -0.001962, 2, -0.001962
0.03, 1, -0.0044145, 2, -0.0044145
0.04, 1, -0.007848, 2, -0.007848
0.05, 1, -0.0122625, 2, -0.0122625
0.06, 1, -0.017658, 2, -0.017658
0.07, 0.999999, -0.0240345, 2, -0.0240345
0.08, 0.999999, -0.031392, 2, -0.031392
0.09, 0.999998, -0.0397304, 2, -0.0397305
0.1, 0.999996, -0.0490499, 2, -0.04905
0.11, 0.999993, -0.0593503, 2, -0.0593505
0.12, 0.999988, -0.0706315, 2, -0.070632
0.13, 0.99998, -0.0828936, 2, -0.0828945
0.14, 0.999969, -0.0961364, 2, -0.096138
0.15, 0.999954, -0.11036, 2, -0.110362
0.16, 0.999933, -0.125563, 2, -0.125568
0.17, 0.999904, -0.141747, 2, -0.141754
0.18, 0.999865, -0.15891, 2, -0.158922
0.19, 0.999814, -0.177052, 2, -0.17707
0.2, 0.999748, -0.196173, 2, -0.1962
0.21, 0.999664, -0.216271, 1.99999, -0.21631
0.22, 0.999559, -0.237345, 1.99999, -0.237402
0.23, 0.999428, -0.259393, 1.99999, -0.259474
0.24, 0.999266, -0.282414, 1.99998, -0.282528
0.25, 0.999068, -0.306406, 1.99998, -0.306562
0.26, 0.998829, -0.331365, 1.99997, -0.331578
0.27, 0.998543, -0.357289, 1.99996, -0.357574
0.28, 0.998202, -0.384173, 1.99995, -0.384552
0.29, 0.9978, -0.412013, 1.99993, -0.41251
0.3, 0.997328, -0.440804, 1.99991, -0.44145
0.31, 0.996779, -0.470538, 1.99988, -0.47137
0.32, 0.996143, -0.50121, 1.99985, -0.502272
0.33, 0.995412, -0.532811, 1.99981, -0.534154
0.34, 0.994576, -0.565331, 1.99976, -0.567018
0.35, 0.993624, -0.598761, 1.99971, -0.600862
0.36, 0.992548, -0.63309, 1.99963, -0.635688
0.37, 0.991337, -0.668303, 1.99955, -0.671494
0.38, 0.98998, -0.704388, 1.99945, -0.708281
0.39, 0.988466, -0.741329, 1.99933, -0.74605
0.4, 0.986786, -0.77911, 1.99918, -0.784799
0.41, 0.984929, -0.817712, 1.99902, -0.824529
0.42, 0.982885, -0.857115, 1.99882, -0.86524
0.43, 0.980643, -0.8973, 1.99859, -0.906931
0.44, 0.978195, -0.938244, 1.99833, -0.949603
0.45, 0.97553, -0.979922, 1.99802, -0.993256
0.46, 0.972641, -1.02231, 1.99767, -1.03789
0.47, 0.969519, -1.06538, 1.99727, -1.0835
0.48, 0.966157, -1.10911, 1.99682, -1.1301
0.49, 0.962547, -1.15347, 1.9963, -1.17767
0.5, 0.958684, -1.19842, 1.99571, -1.22622
0.51, 0.954561, -1.24393, 1.99505, -1.27575
0.52, 0.950175, -1.28998, 1.99431, -1.32626
0.53, 0.945521, -1.33653, 1.99348, -1.37775
0.54, 0.940597, -1.38355, 1.99255, -1.43022
0.55, 0.935401, -1.43099, 1.99151, -1.48366
0.56, 0.929932, -1.47882, 1.99036, -1.53807
0.57, 0.924189, -1.52701, 1.98909, -1.59346
0.58, 0.918174, -1.57552, 1.98768, -1.64983
0.59, 0.911888, -1.62431, 1.98612, -1.70716
0.6, 0.905334, -1.67333, 1.98442, -1.76546
0.61, 0.898517, -1.72256, 1.98254, -1.82473
0.62, 0.89144, -1.77195, 1.98049, -1.88497
0.63, 0.884111, -1.82146, 1.97826, -1.94616
0.64, 0.876536, -1.87106, 1.97582, -2.00832
0.65, 0.868722, -1.9207, 1.97316, -2.07142
0.66, 0.86068, -1.97033, 1.97028, -2.13548
0.67, 0.852418, -2.01994, 1.96716, -2.20048
0.68, 0.843948, -2.06946, 1.96378, -2.26643
0.69, 0.835282, -2.11887, 1.96013, -2.3333
0.7, 0.826433, -2.16813, 1.9562, -2.4011
0.71, 0.817414, -2.2172, 1.95197, -2.46982
0.72, 0.808241, -2.26604, 1.94742, -2.53945
0.73, 0.79893, -2.31462, 1.94253, -2.60998
0.74, 0.789497, -2.3629, 1.9373, -2.68141
0.75, 0.77996, -2.41085, 1.93169, -2.75371
0.76, 0.770338, -2.45843, 1.9257, -2.82687
0.77, 0.76065, -2.50563, 1.9193, -2.90089
0.78, 0.750916, -2.5524, 1.91248, -2.97574
0.79, 0.741158, -2.59872, 1.90522, -3.05141
0.8, 0.731397, -2.64456, 1.89749, -3.12788
0.81, 0.721656, -2.68991, 1.88928, -3.20513
0.82, 0.711958, -2.73474, 1.88056, -3.28314
0.83, 0.702327, -2.77903, 1.87131, -3.36188
0.84, 0.692787, -2.82276, 1.86152, -3.44133
0.85, 0.683362, -2.86593, 1.85115, -3.52146
0.86, 0.674078, -2.90851, 1.8402, -3.60224
0.87, 0.664958, -2.95051, 1.82863, -3.68363
0.88, 0.656029, -2.99192, 1.81642, -3.7656
0.89, 0.647314, -3.03273, 1.80356, -3.84812
0.9, 0.638839, -3.07295, 1.79002, -3.93113
0.91, 0.630627, -3.11257, 1.77579, -4.01461
0.92, 0.622702, -3.15161, 1.76083, -4.0985
0.93, 0.615087, -3.19008, 1.74514, -4.18276
0.94, 0.607804, -3.22799, 1.72868, -4.26733
0.95, 0.600872, -3.26535, 1.71146, -4.35216
0.96, 0.594312, -3.30218, 1.69344, -4.4372
0.97, 0.588141, -3.33851, 1.67461, -4.52238
0.98, 0.582376, -3.37437, 1.65497, -4.60765
0.99, 0.577031, -3.40977, 1.63449, -4.69295
1, 0.572118, -3.44476, 1.61317, -4.7782
1.01, 0.567647, -3.47936, 1.591, -4.86334
1.02, 0.563627, -3.51361, 1.56797, -4.9483
1.03, 0.560062, -3.54754, 1.54408, -5.03301
1.04, 0.556957, -3.5812, 1.51933, -5.1174
1.05, 0.55431, -3.61463, 1.49372, -5.2014
1.06, 0.55212, -3.64786, 1.46724, -5.28492
1.07, 0.550381, -3.68094, 1.43991, -5.36789
1.08, 0.549085, -3.71392, 1.41174, -5.45024
1.09, 0.548221, -3.74684, 1.38273, -5.53189
1.1, 0.547775, -3.77973, 1.3529, -5.61276
1.11, 0.547729, -3.81266, 1.32227, -5.69278
1.12, 0.548065, -3.84565, 1.29085, -5.77186
1.13, 0.548759, -3.87875, 1.25866, -5.84995
1.14, 0.549785, -3.91201, 1.22573, -5.92695
1.15, 0.551117, -3.94546, 1.19209, -6.0028
1.16, 0.552722, -3.97914, 1.15776, -6.07743
1.17, 0.554567, -4.01308, 1.12278, -6.15076
1.18, 0.556616, -4.04733, 1.08717, -6.22274
1.19, 0.558832, -4.08191, 1.05098, -6.29328
1.2, 0.561174, -4.11684, 1.01423, -6.36234
1.21, 0.5636, -4.15216, 0.97698, -6.42985
1.22, 0.566066, -4.18789, 0.939257, -6.49575
1.23, 0.568527, -4.22405, 0.901108, -6.56
1.24, 0.570935, -4.26064, 0.862576, -6.62253
1.25, 0.573244, -4.29768, 0.823706, -6.68331
1.26, 0.575403, -4.33518, 0.784544, -6.74229
1.27, 0.577363, -4.37313, 0.745137, -6.79942
1.28, 0.579075, -4.41154, 0.705532, -6.85468
1.29, 0.580487, -4.4504, 0.665778, -6.90804
1.3, 0.581549, -4.48969, 0.625923, -6.95946
1.31, 0.582211, -4.52941, 0.586015, -7.00892
1.32, 0.582423, -4.56953, 0.546102, -7.05641
1.33, 0.582136, -4.61003, 0.506233, -7.1019
1.34, 0.581302, -4.65087, 0.466454, -7.14539
1.35, 0.579872, -4.69202, 0.426813, -7.18687
1.36, 0.577803, -4.73345, 0.387356, -7.22635
1.37, 0.575048, -4.77511, 0.348126, -7.26381
1.38, 0.571566, -4.81695, 0.309169, -7.29926
1.39, 0.567317, -4.85893, 0.270525, -7.33273
1.4, 0.562261, -4.90098, 0.232237, -7.36421
1.41, 0.556364, -4.94305, 0.194342, -7.39373
1.42, 0.54959, -4.98507, 0.156879, -7.42131
1.43, 0.541911, -5.02697, 0.119882, -7.44698
1.44, 0.533296, -5.0687, 0.0833858, -7.47075
1.45, 0.523723, -5.11017, 0.0474202, -7.49267
1.46, 0.513168, -5.15131, 0.0120146, -7.51277
1.47, 0.501612, -5.19204, -0.0228045, -7.53108
1.48, 0.489041, -5.23228, -0.0570129, -7.54765
1.49, 0.475441, -5.27194, -0.090589, -7.56252
1.5, 0.460804, -5.31096, -0.123513, -7.57573
1.51, 0.445125, -5.34923, -0.155769, -7.58732
1.52, 0.428401, -5.38667, -0.187343, -7.59735
1.53, 0.410635, -5.4232, -0.218222, -7.60587
1.54, 0.391829, -5.45873, -0.248398, -7.61293
1.55, 0.371994, -5.49317, -0.277864, -7.61858
1.56, 0.351141, -5.52643, -0.306615, -7.62287
1.57, 0.329283, -5.55843, -0.334651, -7.62585
1.58, 0.30644, -5.58908, -0.36197, -7.62759
1.59, 0.282632, -5.6183, -0.388576, -7.62813
1.6, 0.257884, -5.646, -0.414474, -7.62753
1.61, 0.232222, -5.67211, -0.439671, -7.62584
1.62, 0.205676, -5.69654, -0.464174, -7.62312
1.63, 0.178278, -5.71922, -0.487995, -7.61941
1.64, 0.150063, -5.74008, -0.511145, -7.61477
1.65, 0.121067, -5.75904, -0.533639, -7.60925
1.66, 0.091329, -5.77604, -0.555491, -7.60289
1.67, 0.06089, -5.79101, -0.576717, -7.59574
1.68, 0.0297921, -5.8039, -0.597334, -7.58786
1.69, -0.00192116, -5.81465, -0.61736, -7.57927
1.7, -0.0342048, -5.8232, -0.636814, -7.57002
1.71, -0.0670129, -5.82952, -0.655716, -7.56015
1.72, -0.100299, -5.83355, -0.674084, -7.54969
1.73, -0.134015, -5.83528, -0.691938, -7.53867
1.74, -0.168113, -5.83465, -0.7093, -7.52713
1.75, -0.202545, -5.83165, -0.726188, -7.51509
1.76, -0.237262, -5.82626, -0.742623, -7.50257
1.77, -0.272216, -5.81846, -0.758624, -7.4896
1.78, -0.307359, -5.80825, -0.774211, -7.47618
1.79, -0.342642, -5.79562, -0.789404, -7.46234
1.8, -0.378017, -5.78058, -0.804221, -7.44807
1.81, -0.413436, -5.76313, -0.818681, -7.43338
1.82, -0.448853, -5.7433, -0.832801, -7.41828
1.83, -0.48422, -5.7211, -0.846601, -7.40276
1.84, -0.51949, -5.69657, -0.860097, -7.38681
1.85, -0.554618, -5.66974, -0.873307, -7.37041
1.86, -0.589558, -5.64066, -0.886247, -7.35357
1.87, -0.624265, -5.60937, -0.898936, -7.33625
1.88, -0.658693, -5.57592, -0.91139, -7.31843
1.89, -0.692798, -5.54038, -0.923625, -7.30008
1.9, -0.726536, -5.50281, -0.935658, -7.28118
1.91, -0.759863, -5.46328, -0.947507, -7.26169
1.92, -0.792736, -5.42187, -0.959189, -7.24157
1.93, -0.825112, -5.37865, -0.970719, -7.22078
1.94, -0.856948, -5.33372, -0.982116, -7.19928
1.95, -0.888202, -5.28715, -0.993397, -7.17703
1.96, -0.918833, -5.23906, -1.00458, -7.15398
1.97, -0.9488, -5.18952, -1.01568, -7.13007
1.98, -0.978064, -5.13864, -1.02671, -7.10526
1.99, -1.00658, -5.08651, -1.0377, -7.0795
2, -1.03432, -5.03326, -1.04865, -7.05274
2.01, -1.06124, -4.97896, -1.05959, -7.02491
2.02, -1.08731, -4.92374, -1.07054, -6.99598
2.03, -1.11249, -4.8677, -1.0815, -6.96588
2.04, -1.13675, -4.81094, -1.09249, -6.93457
2.05, -1.16005, -4.75357, -1.10353, -6.90199
2.06, -1.18237, -4.6957, -1.11463, -6.86809
2.07, -1.20368, -4.63743, -1.1258, -6.83283
2.08, -1.22395, -4.57886, -1.13705, -6.79616
2.09, -1.24316, -4.5201, -1.1484, -6.75804
2.1, -1.26129, -4.46124, -1.15986, -6.71841
2.11, -1.27832, -4.40237, -1.17143, -6.67726
2.12, -1.29423, -4.3436, -1.18312, -6.63453
2.13, -1.309, -4.285, -1.19493, -6.59021
2.14, -1.32264, -4.22667, -1.20687, -6.54425
2.15, -1.33511, -4.16869, -1.21895, -6.49663
2.16, -1.34642, -4.11112, -1.23115, -6.44734
2.17, -1.35657, -4.05405, -1.24349, -6.39636
2.18, -1.36555, -3.99754, -1.25596, -6.34367
2.19, -1.37336, -3.94166, -1.26855, -6.28927
2.2, -1.38001, -3.88645, -1.28126, -6.23315
2.21, -1.38549, -3.83198, -1.29409, -6.17532
2.22, -1.38983, -3.77828, -1.30702, -6.11579
2.23, -1.39303, -3.72539, -1.32004, -6.05456
2.24, -1.39511, -3.67336, -1.33315, -5.99166
2.25, -1.39607, -3.6222, -1.34632, -5.92709
2.26, -1.39594, -3.57195, -1.35956, -5.86091
2.27, -1.39474, -3.52261, -1.37283, -5.79312
2.28, -1.39249, -3.4742, -1.38613, -5.72378
2.29, -1.38921, -3.42672, -1.39944, -5.65292
2.3, -1.38493, -3.38018, -1.41273, -5.58059
2.31, -1.37968, -3.33456, -1.42599, -5.50684
2.32, -1.37348, -3.28986, -1.43921, -5.43172
2.33, -1.36636, -3.24605, -1.45235, -5.35531
2.34, -1.35835, -3.20312, -1.4654, -5.27766
2.35, -1.34948, -3.16103, -1.47834, -5.19883
2.36, -1.33979, -3.11977, -1.49115, -5.11891
2.37, -1.32931, -3.07929, -1.50381, -5.03797
2.38, -1.31807, -3.03955, -1.5163, -4.95608
2.39, -1.30609, -3.00052, -1.52859, -4.87333
2.4, -1.29342, -2.96214, -1.54068, -4.78981
2.41, -1.28008, -2.92437, -1.55254, -4.70559
2.42, -1.2661, -2.88715, -1.56416, -4.62077
2.43, -1.25152, -2.85045, -1.57553, -4.53543
2.44, -1.23636, -2.81419, -1.58662, -4.44967
2.45, -1.22064, -2.77833, -1.59743, -4.36357
2.46, -1.2044, -2.74282, -1.60795, -4.27723
2.47, -1.18765, -2.70759, -1.61817, -4.19073
2.48, -1.17042, -2.6726, -1.62809, -4.10417
2.49, -1.15272, -2.63779, -1.63771, -4.01764
2.5, -1.13458, -2.60311, -1.64702, -3.93121
2.51, -1.11601, -2.56852, -1.65602, -3.84497
2.52, -1.09702, -2.53398, -1.66472, -3.759
2.53, -1.07763, -2.49943, -1.67313, -3.67337
2.54, -1.05784, -2.46485, -1.68126, -3.58816
2.55, -1.03766, -2.4302, -1.68911, -3.50343
2.56, -1.0171, -2.39546, -1.69669, -3.41925
2.57, -0.996172, -2.36061, -1.70402, -3.33566
2.58, -0.974875, -2.32564, -1.71111, -3.25272
2.59, -0.953218, -2.29053, -1.71797, -3.17047
2.6, -0.931211, -2.25529, -1.72461, -3.08895
2.61, -0.908862, -2.21991, -1.73104, -3.00819
2.62, -0.886185, -2.18442, -1.73728, -2.92822
2.63, -0.863195, -2.14883, -1.74331, -2.84906
2.64, -0.83991, -2.11315, -1.74915, -2.77072
2.65, -0.816354, -2.07741, -1.75479, -2.69322
2.66, -0.792553, -2.04164, -1.76022, -2.61657
2.67, -0.768539, -2.00587, -1.76544, -2.54076
2.68, -0.744346, -1.97014, -1.77043, -2.46582
2.69, -0.720014, -1.93447, -1.77516, -2.39173
2.7, -0.695588, -1.8989, -1.77962, -2.31851
2.71, -0.671113, -1.86348, -1.78377, -2.24615
2.72, -0.646641, -1.82822, -1.78759, -2.17465
2.73, -0.622225, -1.79318, -1.79103, -2.10403
2.74, -0.597919, -1.75837, -1.79408, -2.03427
2.75, -0.573781, -1.72384, -1.79668, -1.9654
2.76, -0.549869, -1.6896, -1.79879, -1.89741
2.77, -0.526242, -1.6557, -1.80039, -1.83032
2.78, -0.502958, -1.62215, -1.80141, -1.76413
2.79, -0.480075, -1.58898, -1.80182, -1.69886
2.8, -0.457652, -1.55622, -1.80159, -1.63451
2.81, -0.435744, -1.52387, -1.80066, -1.57111
2.82, -0.414406, -1.49197, -1.79901, -1.50866
2.83, -0.39369, -1.46054, -1.79658, -1.44718
2.84, -0.373646, -1.42958, -1.79335, -1.38669
2.85, -0.35432, -1.39911, -1.78928, -1.32721
2.86, -0.335757, -1.36915, -1.78434, -1.26875
2.87, -0.317998, -1.33972, -1.77849, -1.21133
2.88, -0.301079, -1.31081, -1.77172, -1.15498
2.89, -0.285034, -1.28245, -1.764, -1.09971
2.9, -0.269894, -1.25464, -1.7553, -1.04554
2.91, -0.255683, -1.2274, -1.74562, -0.992496
2.92, -0.242424, -1.20073, -1.73493, -0.940587
2.93, -0.230134, -1.17464, -1.72323, -0.889836
2.94, -0.218827, -1.14915, -1.71051, -0.84026
2.95, -0.208511, -1.12426, -1.69676, -0.791878
2.96, -0.199193, -1.09998, -1.68199, -0.744705
2.97, -0.190874, -1.07632, -1.6662, -0.698758
2.98, -0.183551, -1.05329, -1.6494, -0.65405
2.99, -0.177217, -1.03091, -1.63159, -0.610597
3, -0.171861, -1.00917, -1.6128, -0.568409
3.01, -0.16747, -0.98809, -1.59304, -0.527498
3.02, -0.164026, -0.967686, -1.57234, -0.487874
3.03, -0.161507, -0.947966, -1.55071, -0.449546
3.04, -0.15989, -0.928944, -1.52818, -0.412519
3.05, -0.159148, -0.910634, -1.5048, -0.3768
3.06, -0.15925, -0.893048, -1.48058, -0.342392
3.07, -0.160165, -0.876204, -1.45556, -0.309296
3.08, -0.161857, -0.860116, -1.42979, -0.277512
3.09, -0.16429, -0.844802, -1.40329, -0.247039
3.1, -0.167427, -0.830279, -1.37613, -0.217874
3.11, -0.171227, -0.816567, -1.34832, -0.190009
3.12, -0.175649, -0.803685, -1.31993, -0.163439
3.13, -0.180652, -0.791653, -1.291, -0.138153
3.14, -0.186194, -0.780493, -1.26157, -0.11414
3.15, -0.192232, -0.770228, -1.23169, -0.0913865
3.16, -0.198725, -0.760879, -1.2014, -0.0698779
3.17, -0.205631, -0.752471, -1.17076, -0.049597
3.18, -0.212908, -0.745029, -1.1398, -0.030525
3.19, -0.220518, -0.738575, -1.10857, -0.0126417
3.2, -0.228421, -0.733137, -1.07712, 0.00407495
3.21, -0.236581, -0.728738, -1.04547, 0.019648
3.22, -0.244964, -0.725403, -1.01368, 0.0341017
3.23, -0.253537, -0.723159, -0.981769, 0.0474612
3.24, -0.262271, -0.722028, -0.949775, 0.0597522
3.25, -0.271139, -0.722034, -0.917726, 0.0710004
3.26, -0.280118, -0.723198, -0.885647, 0.0812314
3.27, -0.289187, -0.725541, -0.853559, 0.0904702
3.28, -0.298328, -0.729081, -0.821478, 0.0987404
3.29, -0.307529, -0.733833, -0.789419, 0.106064
3.3, -0.316778, -0.739808, -0.75739, 0.112461
3.31, -0.326067, -0.747015, -0.725397, 0.117948
3.32, -0.335391, -0.755456, -0.693444, 0.12254
3.33, -0.344747, -0.765132, -0.661529, 0.126245
3.34, -0.354133, -0.776036, -0.62965, 0.129069
3.35, -0.363548, -0.788156, -0.597802, 0.131015
3.36, -0.372994, -0.801476, -0.565979, 0.132078
3.37, -0.382469, -0.815972, -0.534175, 0.132251
3.38, -0.391974, -0.831615, -0.502384, 0.131519
3.39, -0.401505, -0.848371, -0.4706, 0.129867
3.4, -0.411059, -0.866202, -0.438819, 0.12727
3.41, -0.42063, -0.885061, -0.407039, 0.123705
3.42, -0.430209, -0.904902, -0.37526, 0.119139
3.43, -0.439783, -0.925669, -0.343485, 0.113541
3.44, -0.449337, -0.947308, -0.311718, 0.106875
3.45, -0.458854, -0.969757, -0.279969, 0.0991017
3.46, -0.468311, -0.992957, -0.248248, 0.0901821
3.47, -0.477684, -1.01684, -0.216569, 0.080075
3.48, -0.486945, -1.04135, -0.18495, 0.0687387
3.49, -0.496062, -1.06641, -0.153411, 0.0561311
3.5, -0.505003, -1.09196, -0.121974, 0.0422105
3.51, -0.513732, -1.11793, -0.0906636, 0.0269356
3.52, -0.522212, -1.14427, -0.0595064, 0.0102663
3.53, -0.530403, -1.17089, -0.028531, -0.0078361
3.54, -0.538265, -1.19775, 0.00223283, -0.0274088
3.55, -0.545756, -1.22478, 0.032754, -0.0484869
3.56, -0.552833, -1.25192, 0.0630006, -0.0711033
3.57, -0.559455, -1.27912, 0.0929404, -0.0952884
3.58, -0.565579, -1.30632, 0.122541, -0.12107
3.59, -0.571162, -1.33347, 0.151769, -0.148472
3.6, -0.576165, -1.36053, 0.180593, -0.177517
3.61, -0.580545, -1.38745, 0.208982, -0.208224
3.62, -0.584265, -1.41418, 0.236905, -0.240607
3.63, -0.587288, -1.44071, 0.264332, -0.274679
3.64, -0.589577, -1.46698, 0.291236, -0.310449
3.65, -0.591101, -1.49297, 0.317591, -0.34792
3.66, -0.591828, -1.51866, 0.343372, -0.387095
3.67, -0.591731, -1.54402, 0.368557, -0.427971
3.68, -0.590784, -1.56904, 0.393127, -0.470544
3.69, -0.588967, -1.5937, 0.417064, -0.514804
3.7, -0.58626, -1.61799, 0.440354, -0.560739
3.71, -0.582648, -1.64191, 0.462984, -0.608334
3.72, -0.578121, -1.66544, 0.484947, -0.657571
3.73, -0.572669, -1.6886, 0.506235, -0.708427
3.74, -0.566289, -1.71138, 0.526847, -0.76088
3.75, -0.558981, -1.7338, 0.546782, -0.814901
3.76, -0.550749, -1.75585, 0.566045, -0.870463
3.77, -0.541599, -1.77756, 0.584643, -0.927533
3.78, -0.531545, -1.79893, 0.602585, -0.986079
3.79, -0.5206, -1.81998, 0.619885, -1.04607
3.8, -0.508785, -1.84073, 0.63656, -1.10746
3.81, -0.496122, -1.86119, 0.65263, -1.17022
3.82, -0.482638, -1.88139, 0.668116, -1.23432
3.83, -0.468362, -1.90135, 0.683045, -1.29971
3.84, -0.453327, -1.92107, 0.697444, -1.36635
3.85, -0.43757, -1.94059, 0.711344, -1.43422
3.86, -0.421127, -1.95992, 0.724777, -1.50328
3.87, -0.404041, -1.97908, 0.737776, -1.57349
3.88, -0.386351, -1.99807, 0.750376, -1.64483
3.89, -0.368101, -2.01692, 0.762612, -1.71726
3.9, -0.349335, -2.03562, 0.77452, -1.79075
3.91, -0.330094, -2.05419, 0.786134, -1.8653
3.92, -0.310421, -2.07264, 0.797487, -1.94087
3.93, -0.290356, -2.09095, 0.80861, -2.01745
3.94, -0.269934, -2.10912, 0.819529, -2.09502
3.95, -0.249189, -2.12716, 0.830268, -2.17358
3.96, -0.228149, -2.14505, 0.840844, -2.25311
3.97, -0.206836, -2.16279, 0.851271, -2.33361
3.98, -0.185269, -2.18036, 0.861554, -2.41507
3.99, -0.163458, -2.19776, 0.871694, -2.49747
4, -0.141406, -2.21499, 0.881683, -2.58081
4.01, -0.119113, -2.23204, 0.891507, -2.66508
4.02, -0.0965691, -2.24892, 0.901147, -2.75024
4.03, -0.0737623, -2.26564, 0.910577, -2.83628
4.04, -0.0506751, -2.28221, 0.919768, -2.92316
4.05, -0.0272869, -2.29866, 0.928687, -3.01084
4.06, -0.00357487, -2.31502, 0.937297, -3.09927
4.07, 0.0204846, -2.33135, 0.945561, -3.18839
4.08, 0.044915, -2.34767, 0.953443, -3.27813
4.09, 0.069739, -2.36407, 0.960905, -3.36842
4.1, 0.094977, -2.38059, 0.967914, -3.45918
4.11, 0.120647, -2.39732, 0.974435, -3.55032
4.12, 0.146762, -2.41433, 0.980439, -3.64173
4.13, 0.173334, -2.4317, 0.985901, -3.73333
4.14, 0.200369, -2.44953, 0.990798, -3.825
4.15, 0.227868, -2.46791, 0.995112, -3.91663
4.16, 0.255829, -2.48692, 0.998828, -4.00812
4.17, 0.284243, -2.50667, 1.00194, -4.09933
4.18, 0.313098, -2.52725, 1.00443, -4.19017
4.19, 0.342376, -2.54876, 1.00632, -4.28051
4.2, 0.372056, -2.57128, 1.00759, -4.37024
4.21, 0.402111, -2.59491, 1.00826, -4.45923
4.22, 0.43251, -2.61975, 1.00833, -4.54738
4.23, 0.463217, -2.64587, 1.00783, -4.63457
4.24, 0.494194, -2.67335, 1.00676, -4.7207
4.25, 0.525397, -2.70229, 1.00516, -4.80565
4.26, 0.556779, -2.73273, 1.00305, -4.88933
4.27, 0.58829, -2.76476, 1.00044, -4.97163
4.28, 0.619878, -2.79843, 0.997383, -5.05247
4.29, 0.651486, -2.83379, 0.9939, -5.13176
4.3, 0.683056, -2.87089, 0.990026, -5.20941
4.31, 0.714528, -2.90976, 0.9858, -5.28535
4.32, 0.745839, -2.95044, 0.981258, -5.35951
4.33, 0.776926, -2.99294, 0.976441, -5.43182
4.34, 0.807722, -3.03729, 0.971387, -5.50223
4.35, 0.838162, -3.08347, 0.966139, -5.5707
4.36, 0.86818, -3.13149, 0.960737, -5.63716
4.37, 0.897708, -3.18134, 0.955225, -5.7016
4.38, 0.926679, -3.23298, 0.949643, -5.76398
4.39, 0.955027, -3.2864, 0.944033, -5.82427
4.4, 0.982686, -3.34154, 0.938436, -5.88248
4.41, 1.00959, -3.39836, 0.932892, -5.93859
4.42, 1.03568, -3.45681, 0.927442, -5.99259
4.43, 1.06089, -3.5168, 0.922122, -6.04451
4.44, 1.08516, -3.57828, 0.916969, -6.09435
4.45, 1.10843, -3.64115, 0.91202, -6.14214
4.46, 1.13065, -3.70532, 0.907305, -6.1879
4.47, 1.15176, -3.77069, 0.902858, -6.23167
4.48, 1.17172, -3.83716, 0.898707, -6.2735
4.49, 1.19047, -3.90462, 0.894878, -6.31342
4.5, 1.20798, -3.97294, 0.891397, -6.35148
4.51, 1.22421, -4.042, 0.888284, -6.38776
4.52, 1.23911, -4.11166, 0.885558, -6.42231
4.53, 1.25266, -4.18179, 0.883237, -6.45519
4.54, 1.26482, -4.25226, 0.881333, -6.48649
4.55, 1.27558, -4.3229, 0.879857, -6.51627
4.56, 1.28491, -4.39359, 0.878816, -6.54461
4.57, 1.2928, -4.46415, 0.878216, -6.57159
4.58, 1.29923, -4.53444, 0.878058, -6.59731
4.59, 1.30419, -4.60431, 0.878342, -6.62184
4.6, 1.30769, -4.6736, 0.879064, -6.64527
4.61, 1.30972, -4.74214, 0.880218, -6.6677
4.62, 1.31027, -4.80979, 0.881794, -6.68921
4.63, 1.30938, -4.87638, 0.883783, -6.70989
4.64, 1.30703, -4.94176, 0.88617, -6.72983
4.65, 1.30325, -5.00578, 0.88894, -6.74913
4.66, 1.29805, -5.06828, 0.892075, -6.76786
4.67, 1.29145, -5.12912, 0.895558, -6.78612
4.68, 1.28348, -5.18815, 0.899368, -6.80399
4.69, 1.27417, -5.24523, 0.903483, -6.82156
4.7, 1.26353, -5.30022, 0.907881, -6.8389
4.71, 1.2516, -5.353, 0.91254, -6.85609
4.72, 1.2384, -5.40344, 0.917437, -6.87321
4.73, 1.22398, -5.45141, 0.92255, -6.89032
4.74, 1.20836, -5.49682, 0.927855, -6.90749
4.75, 1.19158, -5.53954, 0.933332, -6.92478
4.76, 1.17366, -5.57949, 0.938959, -6.94225
4.77, 1.15465, -5.61658, 0.944716, -6.95994
4.78, 1.13457, -5.65073, 0.950584, -6.9779
4.79, 1.11346, -5.68186, 0.956546, -6.99616
4.8, 1.09136, -5.70992, 0.962586, -7.01476
4.81, 1.06828, -5.73485, 0.968686, -7.03373
4.82, 1.04428, -5.75662, 0.974833, -7.05306
4.83, 1.01938, -5.7752, 0.981011, -7.07278
4.84, 0.993617, -5.79056, 0.987208, -7.09289
4.85, 0.967027, -5.80271, 0.993407, -7.11336
4.86, 0.939647, -5.81165, 0.999593, -7.1342
4.87, 0.911517, -5.81739, 1.00575, -7.15537
4.88, 0.882679, -5.81997, 1.01186, -7.17683
4.89, 0.853178, -5.81943, 1.0179, -7.19855
4.9, 0.823062, -5.81581, 1.02384, -7.22048
4.91, 0.792382, -5.80918, 1.02967, -7.24256
4.92, 0.761194, -5.7996, 1.03534, -7.26472
4.93, 0.729556, -5.78717, 1.04084, -7.2869
4.94, 0.697531, -5.77197, 1.04612, -7.30902
4.95, 0.665184, -5.75409, 1.05114, -7.33099
4.96, 0.632583, -5.73365, 1.05587, -7.35273
4.97, 0.599801, -5.71075, 1.06026, -7.37415
4.98, 0.566912, -5.68552, 1.06425, -7.39515
4.99, 0.533991, -5.65808, 1.06781, -7.41563
5, 0.501117, -5.62856, 1.07089, -7.43549
5.01, 0.468369, -5.59709, 1.07342, -7.45462
5.02, 0.435827, -5.56382, 1.07537, -7.47292
5.03, 0.40357, -5.52889, 1.07667, -7.49028
5.04, 0.37168, -5.49244, 1.07728, -7.50659
5.05, 0.340235, -5.45461, 1.07713, -7.52174
5.06, 0.309314, -5.41556, 1.07618, -7.53562
5.07, 0.278994, -5.37543, 1.07438, -7.54813
5.08, 0.249349, -5.33438, 1.07168, -7.55914
5.09, 0.220452, -5.29254, 1.06803, -7.56857
5.1, 0.192373, -5.25007, 1.06337, -7.5763
5.11, 0.165178, -5.20711, 1.05768, -7.58223
5.12, 0.13893, -5.1638, 1.05091, -7.58626
5.13, 0.113688, -5.12027, 1.04302, -7.5883
5.14, 0.0895069, -5.07667, 1.03398, -7.58827
5.15, 0.0664381, -5.03313, 1.02375, -7.58606
5.16, 0.0445273, -4.98976, 1.01231, -7.5816
5.17, 0.0238157, -4.9467, 0.999642, -7.57481
5.18, 0.00433914, -4.90405, 0.985714, -7.56563
5.19, -0.0138713, -4.86192, 0.970517, -7.55398
5.2, -0.0307902, -4.82041, 0.954038, -7.53981
5.21, -0.0463974, -4.77962, 0.936272, -7.52306
5.22, -0.0606784, -4.73964, 0.917217, -7.50369
5.23, -0.0736242, -4.70053, 0.896873, -7.48166
5.24, -0.0852314, -4.66238, 0.875249, -7.45694
5.25, -0.0955021, -4.62524, 0.852355, -7.42951
5.26, -0.104444, -4.58917, 0.828207, -7.39934
5.27, -0.11207, -4.55421, 0.802825, -7.36644
5.28, -0.118399, -4.5204, 0.776232, -7.33079
5.29, -0.123455, -4.48776, 0.748458, -7.29241
5.3, -0.127265, -4.45631, 0.719535, -7.25132
5.31, -0.129865, -4.42606, 0.689499, -7.20754
5.32, -0.131291, -4.397, 0.658391, -7.16109
5.33, -0.131587, -4.36913, 0.626253, -7.11202
5.34, -0.1308, -4.34243, 0.593133, -7.06037
5.35, -0.128979, -4.31687, 0.559081, -7.00621
5.36, -0.12618, -4.29241, 0.524148, -6.94959
5.37, -0.12246, -4.26901, 0.488391, -6.89057
5.38, -0.117878, -4.24661, 0.451867, -6.82925
5.39, -0.112498, -4.22516, 0.414635, -6.76569
5.4, -0.106385, -4.20458, 0.376754, -6.7
5.41, -0.0996052, -4.18481, 0.338288, -6.63226
5.42, -0.0922261, -4.16575, 0.299299, -6.56258
5.43, -0.0843163, -4.14733, 0.259849, -6.49105
5.44, -0.0759447, -4.12946, 0.220001, -6.41781
5.45, -0.06718, -4.11202, 0.179817, -6.34295
5.46, -0.0580903, -4.09493, 0.139359, -6.2666
5.47, -0.0487425, -4.07807, 0.0986867, -6.18887
5.48, -0.0392018, -4.06134, 0.0578585, -6.10991
5.49, -0.0295315, -4.04463, 0.0169301, -6.02982
5.5, -0.019792, -4.02783, -0.0240452, -5.94875
5.51, -0.0100409, -4.01082, -0.0650173, -5.86682
5.52, -0.000331941, -3.9935, -0.10594, -5.78415
5.53, 0.00928488, -3.97575, -0.14677, -5.70088
5.54, 0.018764, -3.95746, -0.187469, -5.61713
5.55, 0.0280645, -3.93853, -0.228003, -5.53302
5.56, 0.0371503, -3.91887, -0.268344, -5.44869
5.57, 0.0459903, -3.89836, -0.308467, -5.36423
5.58, 0.0545585, -3.87692, -0.348352, -5.27977
5.59, 0.0628337, -3.85448, -0.387984, -5.1954
5.6, 0.070799, -3.83095, -0.427353, -5.11122
5.61, 0.0784418, -3.80626, -0.466451, -5.02733
5.62, 0.0857526, -3.78037, -0.505276, -4.94379
5.63, 0.0927244, -3.75323, -0.543824, -4.8607
5.64, 0.099352, -3.7248, -0.582096, -4.7781
5.65, 0.10563, -3.69505, -0.620092, -4.69605
5.66, 0.111553, -3.66398, -0.657809, -4.6146
5.67, 0.117114, -3.63157, -0.695245, -4.53378
5.68, 0.122303, -3.59783, -0.732394, -4.45363
5.69, 0.127106, -3.56277, -0.769245, -4.37415
5.7, 0.131507, -3.52641, -0.805786, -4.29538
5.71, 0.135484, -3.48877, -0.841997, -4.21731
5.72, 0.139012, -3.44989, -0.877855, -4.13997
5.73, 0.142062, -3.4098, -0.913334, -4.06335
5.74, 0.1446, -3.36853, -0.948401, -3.98745
5.75, 0.14659, -3.32613, -0.983022, -3.91228
5.76, 0.147993, -3.28263, -1.01716, -3.83785
5.77, 0.148767, -3.23808, -1.05077, -3.76414
5.78, 0.148872, -3.19252, -1.08381, -3.69116
5.79, 0.148262, -3.14599, -1.11624, -3.61892
5.8, 0.146896, -3.09855, -1.14802, -3.54742
5.81, 0.14473, -3.05023, -1.1791, -3.47665
5.82, 0.141724, -3.00108, -1.20943, -3.40663
5.83, 0.137837, -2.95114, -1.23897, -3.33735
5.84, 0.133031, -2.90046, -1.26769, -3.26882
5.85, 0.127271, -2.84909, -1.29554, -3.20104
5.86, 0.120526, -2.79708, -1.32249, -3.13402
5.87, 0.112766, -2.74447, -1.3485, -3.06776
5.88, 0.103965, -2.69131, -1.37355, -3.00227
5.89, 0.0941014, -2.63765, -1.39759, -2.93755
5.9, 0.0831582, -2.58353, -1.42061, -2.8736
5.91, 0.0711213, -2.52902, -1.44259, -2.81044
5.92, 0.0579813, -2.47415, -1.46351, -2.74805
5.93, 0.0437333, -2.41899, -1.48336, -2.68646
5.94, 0.0283765, -2.36357, -1.50212, -2.62565
5.95, 0.0119148, -2.30796, -1.5198, -2.56565
5.96, -0.00564379, -2.25221, -1.53638, -2.50643
5.97, -0.0242866, -2.19637, -1.55188, -2.44802
5.98, -0.043997, -2.14049, -1.5663, -2.39041
5.99, -0.0647539, -2.08462, -1.57964, -2.33361
6, -0.0865323, -2.02883, -1.59193, -2.27761
6.01, -0.109304, -1.97315, -1.60319, -2.22242
6.02, -0.133035, -1.91766, -1.61343, -2.16805
6.03, -0.15769, -1.86239, -1.62268, -2.11449
6.04, -0.183231, -1.8074, -1.63097, -2.06174
6.05, -0.209614, -1.75274, -1.63834, -2.00981
6.06, -0.236794, -1.69846, -1.64482, -1.95871
6.07, -0.264725, -1.64462, -1.65046, -1.90842
6.08, -0.293356, -1.59125, -1.65528, -1.85897
6.09, -0.322636, -1.5384, -1.65935, -1.81035
6.1, -0.352512, -1.48611, -1.6627, -1.76256
6.11, -0.38293, -1.43444, -1.66539, -1.71561
6.12, -0.413833, -1.38341, -1.66747, -1.66951
6.13, -0.445167, -1.33306, -1.66899, -1.62427
6.14, -0.476874, -1.28343, -1.67001, -1.57989
6.15, -0.508898, -1.23454, -1.67059, -1.53637
6.16, -0.541182, -1.18643, -1.67077, -1.49374
6.17, -0.573669, -1.1391, -1.67063, -1.452
6.18, -0.606303, -1.09259, -1.67022, -1.41117
6.19, -0.639028, -1.0469, -1.66959, -1.37125
6.2, -0.671788, -1.00205, -1.66882, -1.33226
6.21, -0.704529, -0.958038, -1.66794, -1.29423
6.22, -0.737197, -0.914867, -1.66703, -1.25716
6.23, -0.769738, -0.872533, -1.66614, -1.22108
6.24, -0.802099, -0.831028, -1.66531, -1.18601
6.25, -0.83423, -0.790342, -1.66461, -1.15197
6.26, -0.866081, -0.750457, -1.66408, -1.11899
6.27, -0.897601, -0.711356, -1.66377, -1.08709
6.28, -0.928745, -0.673016, -1.66372, -1.0563
6.29, -0.959467, -0.635411, -1.66397, -1.02665
6.3, -0.989725, -0.598516, -1.66457, -0.998176
6.31, -1.01948, -0.5623, -1.66553, -0.970898
6.32, -1.04869, -0.526734, -1.66689, -0.944853
6.33, -1.07733, -0.491787, -1.66866, -0.920073
6.34, -1.10536, -0.457427, -1.67088, -0.896591
6.35, -1.13277, -0.423626, -1.67354, -0.874438
6.36, -1.15952, -0.390354, -1.67665, -0.853644
6.37, -1.18561, -0.357584, -1.68022, -0.834239
6.38, -1.21102, -0.325293, -1.68424, -0.816249
6.39, -1.23575, -0.29346, -1.6887, -0.799696
6.4, -1.25978, -0.262069, -1.69359, -0.784602
6.41, -1.28313, -0.231108, -1.69888, -0.770981
6.42, -1.30579, -0.20057, -1.70456, -0.758845
6.43, -1.32777, -0.170456, -1.71061, -0.7482
6.44, -1.34907, -0.140769, -1.71699, -0.739045
6.45, -1.36971, -0.11152, -1.72369, -0.731378
6.46, -1.38969, -0.0827264, -1.73067, -0.725187
6.47, -1.40902, -0.0544103, -1.73791, -0.720458
6.48, -1.42771, -0.0265994, -1.74537, -0.717169
6.49, -1.44578, 0.00067304, -1.75304, -0.715297
6.5, -1.46323, 0.0273691, -1.76088, -0.71481
6.51, -1.48006, 0.0534465, -1.76887, -0.715675
6.52, -1.49629, 0.0788587, -1.77699, -0.717854
6.53, -1.51191, 0.103556, -1.7852, -0.721307
6.54, -1.52694, 0.127485, -1.79351, -0.725989
6.55, -1.54137, 0.15059, -1.80187, -0.731853
6.56, -1.55522, 0.172814, -1.81028, -0.738851
6.57, -1.56847, 0.194097, -1.81872, -0.746933
6.58, -1.58113, 0.214378, -1.82718, -0.756046
6.59, -1.59321, 0.233596, -1.83563, -0.766138
6.6, -1.60469, 0.251688, -1.84407, -0.777154
6.61, -1.61558, 0.268593, -1.85248, -0.789042
6.62, -1.62588, 0.284249, -1.86086, -0.801748
6.63, -1.63559, 0.298595, -1.86919, -0.815218
6.64, -1.6447, 0.311572, -1.87747, -0.829398
6.65, -1.65321, 0.32312, -1.88568, -0.844238
6.66, -1.66113, 0.333182, -1.89381, -0.859685
6.67, -1.66845, 0.341706, -1.90187, -0.875691
6.68, -1.67517, 0.348637, -1.90983, -0.892209
6.69, -1.68129, 0.353926, -1.91769, -0.909191
6.7, -1.68681, 0.357527, -1.92545, -0.926594
6.71, -1.69174, 0.359396, -1.9331, -0.944377
6.72, -1.69607, 0.359492, -1.94063, -0.962501
6.73, -1.69982, 0.357779, -1.94804, -0.980929
6.74, -1.70297, 0.354223, -1.95531, -0.999628
6.75, -1.70553, 0.348794, -1.96244, -1.01857
6.76, -1.70752, 0.341468, -1.96943, -1.03772
6.77, -1.70893, 0.332223, -1.97627, -1.05706
6.78, -1.70976, 0.321043, -1.98295, -1.07657
6.79, -1.71004, 0.307913, -1.98947, -1.09622
6.8, -1.70975, 0.292826, -1.99583, -1.11602
6.81, -1.70892, 0.275778, -2.002, -1.13593
6.82, -1.70755, 0.256768, -2.008, -1.15597
6.83, -1.70564, 0.235801, -2.01381, -1.17611
6.84, -1.7032, 0.212885, -2.01944, -1.19637
6.85, -1.70025, 0.188033, -2.02487, -1.21674
6.86, -1.6968, 0.161262, -2.0301, -1.23723
6.87, -1.69284, 0.132593, -2.03512, -1.25786
6.88, -1.68839, 0.102051, -2.03994, -1.27862
6.89, -1.68347, 0.0696637, -2.04455, -1.29955
6.9, -1.67807, 0.0354633, -2.04895, -1.32065
6.91, -1.67221, -0.000514753, -2.05314, -1.34195
6.92, -1.66589, -0.0382317, -2.05711, -1.36348
6.93, -1.65912, -0.0776461, -2.06086, -1.38525
6.94, -1.6519, -0.118713, -2.0644, -1.4073
6.95, -1.64425, -0.161386, -2.06772, -1.42966
6.96, -1.63616, -0.205615, -2.07083, -1.45236
6.97, -1.62764, -0.251349, -2.07373, -1.47544
6.98, -1.61868, -0.298534, -2.07642, -1.49893
6.99, -1.6093, -0.347114, -2.07891, -1.52287
7, -1.59947, -0.397032, -2.0812, -1.5473
7.01, -1.58921, -0.448232, -2.08331, -1.57225
7.02, -1.57851, -0.500652, -2.08522, -1.59776
7.03, -1.56735, -0.554233, -2.08697, -1.62388
7.04, -1.55573, -0.608915, -2.08855, -1.65064
7.05, -1.54365, -0.664636, -2.08997, -1.67808
7.06, -1.53108, -0.721335, -2.09125, -1.70623
7.07, -1.51802, -0.778952, -2.0924, -1.73513
7.08, -1.50445, -0.837425, -2.09343, -1.76481
7.09, -1.49035, -0.896695, -2.09435, -1.79531
7.1, -1.47571, -0.956702, -2.09519, -1.82665
7.11, -1.46051, -1.01739, -2.09594, -1.85885
7.12, -1.44474, -1.0787, -2.09663, -1.89196
7.13, -1.42838, -1.14057, -2.09726, -1.92597
7.14, -1.41142, -1.20296, -2.09786, -1.96092
7.15, -1.39383, -1.26581, -2.09842, -1.99682
7.16, -1.37561, -1.32907, -2.09896, -2.03367
7.17, -1.35675, -1.39269, -2.09949, -2.07149
7.18, -1.33724, -1.45663, -2.1, -2.11028
7.19, -1.31708, -1.52083, -2.10051, -2.15005
7.2, -1.29626, -1.58525, -2.10101, -2.19079
7.21, -1.2748, -1.64985, -2.1015, -2.23251
7.22, -1.25269, -1.71459, -2.10197, -2.27519
7.23, -1.22994, -1.77942, -2.10241, -2.31883
7.24, -1.20659, -1.8443, -2.1028, -2.36342
7.25, -1.18263, -1.90919, -2.10313, -2.40896
7.26, -1.1581, -1.97405, -2.10338, -2.45544
7.27, -1.13303, -2.03884, -2.10352, -2.50284
7.28, -1.10745, -2.1035, -2.10352, -2.55116
7.29, -1.0814, -2.168, -2.10335, -2.60038
7.3, -1.05492, -2.2323, -2.10298, -2.6505
7.31, -1.02804, -2.29634, -2.10237, -2.7015
7.32, -1.00083, -2.36009, -2.10148, -2.75339
7.33, -0.973324, -2.42349, -2.10027, -2.80613
7.34, -0.945577, -2.48649, -2.09871, -2.85974
7.35, -0.917645, -2.54906, -2.09674, -2.9142
7.36, -0.889581, -2.61114, -2.09432, -2.9695
7.37, -0.861443, -2.67268, -2.09141, -3.02563
7.38, -0.833288, -2.73364, -2.08796, -3.0826
7.39, -0.805174, -2.79396, -2.08393, -3.14038
7.4, -0.777159, -2.8536, -2.07927, -3.19897
7.41, -0.7493, -2.91251, -2.07395, -3.25836
7.42, -0.721655, -2.97064, -2.0679, -3.31855
7.43, -0.694281, -3.02795, -2.06111, -3.37953
7.44, -0.667231, -3.0844, -2.05351, -3.44128
7.45, -0.640562, -3.13993, -2.04508, -3.50379
7.46, -0.614324, -3.19451, -2.03578, -3.56706
7.47, -0.588568, -3.2481, -2.02557, -3.63108
7.48, -0.563343, -3.30066, -2.01442, -3.69582
7.49, -0.538695, -3.35215, -2.0023, -3.76128
7.5, -0.514667, -3.40253, -1.98918, -3.82744
7.51, -0.491301, -3.45178, -1.97503, -3.89428
7.52, -0.468634, -3.49986, -1.95983, -3.96179
7.53, -0.446703, -3.54675, -1.94356, -4.02995
7.54, -0.425539, -3.59242, -1.92619, -4.09874
7.55, -0.405173, -3.63684, -1.90773, -4.16814
7.56, -0.385632, -3.67999, -1.88814, -4.23812
7.57, -0.366938, -3.72186, -1.86743, -4.30866
7.58, -0.349114, -3.76244, -1.84558, -4.37974
7.59, -0.332176, -3.8017, -1.82258, -4.45133
7.6, -0.316139, -3.83963, -1.79844, -4.52339
7.61, -0.301016, -3.87623, -1.77315, -4.59591
7.62, -0.286817, -3.9115, -1.74671, -4.66885
7.63, -0.273548, -3.94543, -1.71913, -4.74217
7.64, -0.261213, -3.97802, -1.69041, -4.81585
7.65, -0.249815, -4.00928, -1.66055, -4.88984
7.66, -0.239354, -4.03921, -1.62958, -4.96411
7.67, -0.229827, -4.06782, -1.59748, -5.03862
7.68, -0.221231, -4.09513, -1.56429, -5.11333
7.69, -0.213559, -4.12115, -1.53, -5.18819
7.7, -0.206805, -4.1459, -1.49463, -5.26315
7.71, -0.200958, -4.16942, -1.4582, -5.33817
7.72, -0.196007, -4.19172, -1.42071, -5.4132
7.73, -0.19194, -4.21284, -1.3822, -5.48817
7.74, -0.188742, -4.23282, -1.34267, -5.56304
7.75, -0.186397, -4.2517, -1.30214, -5.63774
7.76, -0.184886, -4.26952, -1.26064, -5.7122
7.77, -0.184189, -4.28633, -1.21818, -5.78636
7.78, -0.184282, -4.30219, -1.17478, -5.86015
7.79, -0.185142, -4.31716, -1.13048, -5.93349
7.8, -0.186739, -4.3313, -1.0853, -6.0063
7.81, -0.189044, -4.34468, -1.03927, -6.07851
7.82, -0.192022, -4.35736, -0.99242, -6.15003
7.83, -0.195637, -4.36943, -0.944785, -6.22076
7.84, -0.199848, -4.38096, -0.896402, -6.29063
7.85, -0.204612, -4.39202, -0.847312, -6.35954
7.86, -0.209881, -4.40271, -0.797559, -6.42739
7.87, -0.215605, -4.41311, -0.747188, -6.4941
7.88, -0.221729, -4.42329, -0.69625, -6.55956
7.89, -0.228196, -4.43336, -0.644798, -6.62369
7.9, -0.234945, -4.44338, -0.592887, -6.68638
7.91, -0.241912, -4.45345, -0.540575, -6.74754
7.92, -0.24903, -4.46366, -0.487926, -6.80707
7.93, -0.256229, -4.47407, -0.435002, -6.86489
7.94, -0.263437, -4.48478, -0.38187, -6.92091
7.95, -0.270579, -4.49585, -0.328598, -6.97503
7.96, -0.277579, -4.50737, -0.275258, -7.02718
7.97, -0.28436, -4.51939, -0.221921, -7.07727
7.98, -0.290844, -4.532, -0.168661, -7.12522
7.99, -0.29695, -4.54523, -0.11555, -7.17097
8, -0.3026, -4.55916, -0.062665, -7.21444
8.01, -0.307713, -4.57382, -0.0100796, -7.25558
8.02, -0.312212, -4.58926, 0.0421314, -7.29432
8.03, -0.316018, -4.60551, 0.0938936, -7.33062
8.04, -0.319054, -4.62261, 0.145134, -7.36443
8.05, -0.321246, -4.64057, 0.19578, -7.39571
8.06, -0.322521, -4.65942, 0.245761, -7.42443
8.07, -0.32281, -4.67915, 0.295009, -7.45056
8.08, -0.322045, -4.69977, 0.343457, -7.47408
8.09, -0.320163, -4.72127, 0.391042, -7.49498
8.1, -0.317104, -4.74364, 0.437701, -7.51325
8.11, -0.312811, -4.76685, 0.483378, -7.5289
8.12, -0.307234, -4.79088, 0.528017, -7.54193
8.13, -0.300326, -4.81567, 0.571568, -7.55235
8.14, -0.292044, -4.8412, 0.613983, -7.56018
8.15, -0.282352, -4.86741, 0.655219, -7.56546
8.16, -0.271218, -4.89423, 0.695237, -7.56822
8.17, -0.258617, -4.9216, 0.734004, -7.56849
8.18, -0.244528, -4.94945, 0.771489, -7.56632
8.19, -0.228937, -4.9777, 0.807667, -7.56176
8.2, -0.211836, -5.00626, 0.842518, -7.55487
8.21, -0.193223, -5.03504, 0.876025, -7.54572
8.22, -0.173102, -5.06394, 0.908179, -7.53437
8.23, -0.151482, -5.09288, 0.938974, -7.52089
8.24, -0.128381, -5.12172, 0.968408, -7.50536
8.25, -0.103821, -5.15038, 0.996486, -7.48787
8.26, -0.0778292, -5.17874, 1.02322, -7.46848
8.27, -0.050441, -5.20667, 1.04861, -7.44731
8.28, -0.0216962, -5.23406, 1.07269, -7.42443
8.29, 0.00835981, -5.26079, 1.09548, -7.39994
8.3, 0.0396759, -5.28673, 1.117, -7.37394
8.31, 0.0721958, -5.31177, 1.13728, -7.34652
8.32, 0.105859, -5.33577, 1.15636, -7.31778
8.33, 0.140599, -5.35861, 1.17428, -7.28783
8.34, 0.176347, -5.38018, 1.19107, -7.25677
8.35, 0.213028, -5.40033, 1.20679, -7.22469
8.36, 0.250566, -5.41896, 1.22148, -7.1917
8.37, 0.288879, -5.43594, 1.23519, -7.1579
8.38, 0.327886, -5.45116, 1.24796, -7.12338
8.39, 0.367501, -5.4645, 1.25987, -7.08826
8.4, 0.407636, -5.47585, 1.27095, -7.05263
8.41, 0.448204, -5.4851, 1.28126, -7.01657
8.42, 0.489116, -5.49215, 1.29087, -6.98019
8.43, 0.530282, -5.49691, 1.29982, -6.94357
8.44, 0.571613, -5.49927, 1.30816, -6.90681
8.45, 0.613023, -5.49915, 1.31597, -6.86998
8.46, 0.654424, -5.49647, 1.32328, -6.83317
8.47, 0.695733, -5.49116, 1.33014, -6.79646
8.48, 0.736867, -5.48314, 1.33661, -6.75991
8.49, 0.777747, -5.47235, 1.34274, -6.7236
8.5, 0.818298, -5.45875, 1.34855, -6.68759
8.51, 0.858448, -5.44228, 1.35409, -6.65194
8.52, 0.898129, -5.42291, 1.3594, -6.6167
8.53, 0.937279, -5.4006, 1.36451, -6.58192
8.54, 0.975837, -5.37535, 1.36944, -6.54763
8.55, 1.01375, -5.34714, 1.37422, -6.51388
8.56, 1.05097, -5.31597, 1.37887, -6.48068
8.57, 1.08744, -5.28185, 1.38341, -6.44806
8.58, 1.12313, -5.24481, 1.38784, -6.41602
8.59, 1.158, -5.20487, 1.39219, -6.38457
8.6, 1.192, -5.16209, 1.39645, -6.3537
8.61, 1.22511, -5.11652, 1.40065, -6.3234
8.62, 1.25729, -5.06822, 1.40478, -6.29364
8.63, 1.28851, -5.01727, 1.40885, -6.26439
8.64, 1.31874, -4.96376, 1.41288, -6.23562
8.65, 1.34794, -4.90779, 1.41687, -6.20728
8.66, 1.3761, -4.84945, 1.42082, -6.17932
8.67, 1.40317, -4.78888, 1.42476, -6.15168
8.68, 1.42914, -4.72618, 1.42868, -6.12429
8.69, 1.45396, -4.66149, 1.4326, -6.09709
8.7, 1.47762, -4.59495, 1.43654, -6.06999
8.71, 1.50008, -4.5267, 1.4405, -6.04292
8.72, 1.52131, -4.45689, 1.4445, -6.0158
8.73, 1.54129, -4.38567, 1.44856, -5.98854
8.74, 1.55998, -4.3132, 1.45269, -5.96105
8.75, 1.57738, -4.23964, 1.4569, -5.93324
8.76, 1.59345, -4.16515, 1.46121, -5.90502
8.77, 1.60817, -4.08989, 1.46564, -5.8763
8.78, 1.62152, -4.01404, 1.47019, -5.84697
8.79, 1.63349, -3.93775, 1.47488, -5.81696
8.8, 1.64405, -3.86119, 1.47971, -5.78616
8.81, 1.65321, -3.78453, 1.48471, -5.75448
8.82, 1.66095, -3.70793, 1.48987, -5.72184
8.83, 1.66727, -3.63155, 1.4952, -5.68815
8.84, 1.67216, -3.55555, 1.50071, -5.65332
8.85, 1.67562, -3.48008, 1.5064, -5.61726
8.86, 1.67766, -3.40529, 1.51227, -5.57991
8.87, 1.67829, -3.33133, 1.51832, -5.54119
8.88, 1.67751, -3.25833, 1.52455, -5.50102
8.89, 1.67535, -3.18644, 1.53094, -5.45935
8.9, 1.67181, -3.11577, 1.53749, -5.41611
8.91, 1.66693, -3.04645, 1.5442, -5.37124
8.92, 1.66072, -2.97859, 1.55104, -5.32471
8.93, 1.65321, -2.9123, 1.55801, -5.27647
8.94, 1.64443, -2.84768, 1.56509, -5.22647
8.95, 1.63441, -2.78481, 1.57227, -5.17471
8.96, 1.6232, -2.72378, 1.57951, -5.12114
8.97, 1.61082, -2.66466, 1.5868, -5.06576
8.98, 1.59732, -2.60751, 1.59412, -5.00856
8.99, 1.58275, -2.55239, 1.60145, -4.94955
9, 1.56714, -2.49933, 1.60875, -4.88872
9.01, 1.55054, -2.44839, 1.61601, -4.8261
9.02, 1.533, -2.39957, 1.62319, -4.7617
9.03, 1.51458, -2.3529, 1.63026, -4.69556
9.04, 1.49531, -2.30839, 1.6372, -4.62771
9.05, 1.47526, -2.26603, 1.64398, -4.55821
9.06, 1.45446, -2.22581, 1.65057, -4.4871
9.07, 1.43298, -2.1877, 1.65694, -4.41444
9.08, 1.41085, -2.15169, 1.66306, -4.3403
9.09, 1.38815, -2.11774, 1.66891, -4.26475
9.1, 1.3649, -2.08579, 1.67446, -4.18787
9.11, 1.34116, -2.0558, 1.67967, -4.10975
9.12, 1.31698, -2.0277, 1.68454, -4.03048
9.13, 1.29241, -2.00144, 1.68903, -3.95015
9.14, 1.26747, -1.97692, 1.69313, -3.86887
9.15, 1.24222, -1.95409, 1.69682, -3.78674
9.16, 1.21669, -1.93285, 1.70008, -3.70386
9.17, 1.19092, -1.91312, 1.7029, -3.62035
9.18, 1.16493, -1.8948, 1.70527, -3.53633
9.19, 1.13875, -1.8778, 1.70719, -3.4519
9.2, 1.11241, -1.86202, 1.70865, -3.36719
9.21, 1.08593, -1.84738, 1.70966, -3.2823
9.22, 1.05932, -1.83377, 1.71022, -3.19736
9.23, 1.03258, -1.82109, 1.71034, -3.11248
9.24, 1.00574, -1.80925, 1.71003, -3.02777
9.25, 0.978775, -1.79817, 1.70932, -2.94333
9.26, 0.951697, -1.78776, 1.70822, -2.85927
9.27, 0.924497, -1.77793, 1.70676, -2.77568
9.28, 0.897163, -1.76861, 1.70497, -2.69264
9.29, 0.869683, -1.75975, 1.70289, -2.61024
9.3, 0.842044, -1.75127, 1.70054, -2.52855
9.31, 0.81423, -1.74315, 1.69795, -2.44762
9.32, 0.78623, -1.73533, 1.69516, -2.36751
9.33, 0.758034, -1.72779, 1.69219, -2.28826
9.34, 0.729636, -1.72051, 1.68906, -2.20989
9.35, 0.701038, -1.71349, 1.6858, -2.13243
9.36, 0.672249, -1.70672, 1.68241, -2.0559
9.37, 0.643286, -1.70019, 1.67888, -1.9803
9.38, 0.614177, -1.69393, 1.67521, -1.90565
9.39, 0.584958, -1.68792, 1.67138, -1.83194
9.4, 0.555674, -1.68217, 1.66735, -1.75919
9.41, 0.526377, -1.67668, 1.6631, -1.68741
9.42, 0.497129, -1.67146, 1.65857, -1.6166
9.43, 0.467994, -1.66649, 1.65371, -1.5468
9.44, 0.439045, -1.66175, 1.64847, -1.47801
9.45, 0.410353, -1.65723, 1.64279, -1.41028
9.46, 0.381996, -1.65291, 1.6366, -1.34362
9.47, 0.35405, -1.64874, 1.62985, -1.27809
9.48, 0.32659, -1.6447, 1.62247, -1.21373
9.49, 0.299691, -1.64075, 1.61439, -1.15057
9.5, 0.273427, -1.63684, 1.60556, -1.08868
9.51, 0.247869, -1.63292, 1.59591, -1.02811
9.52, 0.223083, -1.62895, 1.5854, -0.96891
9.53, 0.199134, -1.62487, 1.57396, -0.911139
9.54, 0.17608, -1.62063, 1.56154, -0.854855
9.55, 0.153978, -1.61619, 1.54811, -0.800116
9.56, 0.132878, -1.61148, 1.53361, -0.746979
9.57, 0.112825, -1.60647, 1.51802, -0.695501
9.58, 0.0938605, -1.60109, 1.5013, -0.645739
9.59, 0.0760192, -1.5953, 1.48341, -0.597743
9.6, 0.0593313, -1.58906, 1.46435, -0.551567
9.61, 0.043821, -1.58232, 1.44408, -0.507258
9.62, 0.0295074, -1.57505, 1.42261, -0.464861
9.63, 0.0164038, -1.56722, 1.39991, -0.424419
9.64, 0.00451779, -1.55879, 1.37599, -0.385968
9.65, -0.00614823, -1.54973, 1.35084, -0.349543
9.66, -0.0155976, -1.54003, 1.32448, -0.315173
9.67, -0.0238388, -1.52968, 1.29692, -0.282883
9.68, -0.0308859, -1.51865, 1.26818, -0.252694
9.69, -0.036758, -1.50696, 1.23826, -0.22462
9.7, -0.041479, -1.49459, 1.20721, -0.198673
9.71, -0.0450777, -1.48156, 1.17505, -0.174857
9.72, -0.0475875, -1.46787, 1.14182, -0.153172
9.73, -0.0490462, -1.45356, 1.10755, -0.133613
9.74, -0.0494953, -1.43863, 1.07229, -0.11617
9.75, -0.0489803, -1.42313, 1.03607, -0.100826
9.76, -0.0475502, -1.4071, 0.99896, -0.0875602
9.77, -0.0452566, -1.39056, 0.960997, -0.0763461
9.78, -0.0421543, -1.37357, 0.922237, -0.0671523
9.79, -0.0382999, -1.35619, 0.882737, -0.059942
9.8, -0.0337522, -1.33848, 0.842554, -0.0546736
9.81, -0.0285711, -1.32049, 0.801745, -0.0513008
9.82, -0.0228174, -1.30229, 0.760372, -0.0497726
9.83, -0.0165523, -1.28397, 0.718492, -0.0500337
9.84, -0.00983687, -1.2656, 0.676165, -0.0520243
9.85, -0.00273118, -1.24725, 0.63345, -0.0556812
9.86, 0.00470597, -1.22902, 0.590404, -0.060937
9.87, 0.0124179, -1.211, 0.547083, -0.0677215
9.88, 0.0203505, -1.19327, 0.503539, -0.0759612
9.89, 0.0284535, -1.17593, 0.459821, -0.0855804
9.9, 0.0366804, -1.15908, 0.415975, -0.0965011
9.91, 0.0449899, -1.1428, 0.372041, -0.108644
9.92, 0.0533464, -1.1272, 0.328055, -0.12193
9.93, 0.0617209, -1.11237, 0.284045, -0.136278
9.94, 0.0700916, -1.09841, 0.240033, -0.151609
9.95, 0.0784445, -1.0854, 0.196031, -0.167848
9.96, 0.0867742, -1.07343, 0.152047, -0.18492
9.97, 0.0950839, -1.06258, 0.108076, -0.202757
9.98, 0.103385, -1.05292, 0.064108, -0.221297
9.99, 0.111699, -1.04452, 0.020122, -0.240486
10, 0.120052, -1.03742, -0.0239086, -0.26028
